qx = 0.548424;
qy = 0.51898;
qz = -0.437241;
qw = 0.488581;
Roc = quat2dcm([qw qx qy qz]);
Poc = [-0.222294; 0.18819; 0.613497];
Toc = [Roc Poc; 0 0 0 1]

Rlo = angle2dcm(pi/2, 0, pi/2, 'ZYX');